cv_loss: 0.002289572875430417
epoch: 27
lr: 0.00025
