cv_loss: 0.002141584786896583
epoch: 28
lr: 0.00025
