cv_loss: 0.002036184717584764
epoch: 29
lr: 0.00025
