cv_loss: 0.0018563706659640684
epoch: 30
lr: 0.00025
