cv_loss: 0.0021517274105815466
epoch: 31
lr: 0.00025
