cv_loss: 0.002071255891201728
epoch: 32
lr: 0.00025
