cv_loss: 0.002815527846303564
epoch: 33
lr: 0.00025
