cv_loss: 0.0023288735974316913
epoch: 34
lr: 0.00025
