cv_loss: 0.002753723853378544
epoch: 35
lr: 0.000125
