cv_loss: 0.002117493779271156
epoch: 36
lr: 0.000125
