cv_loss: 0.003289362672242804
epoch: 37
lr: 0.000125
