cv_loss: 0.0018165245044508436
epoch: 38
lr: 0.000125
