cv_loss: 0.0020500680032222666
epoch: 39
lr: 0.000125
